5416957433
5754035249
1489872288
5061313850
700356190
1716121942
1293918740
5305144658
818477402
5117827532
1917341247
1448358405
1515933886
5486978964
1791369229
1354594128
1875241842
840990784
5195470068
1991547426
986287400
1961904979
5987397369
6171095392
1965544961
1168676511
6231066095
1796564526
5410153778
1388832039
5534664843
517910954
2060010183
5548600278
2115915228
5638619017
1929200612
1205717709
1203016155
6111731021
6056058530
5196529106
5409299678
5232004197
5131663338
5765586405
5894303190
1906582478
1133368488
1582512805
5712912512
1260898878
5690999094
1593523861
5550141142
2065495584
1367205212
5206775524
2146385738
1811068728
5694058445
6081333629
5642239936
1566210669
5596719758
1759972533
1581670162
5352540500
5660970898
5321321863
1367984042
627714154
5808513017
5980679734
5143744318
5101723226
997795740
842326514
5724341229
5525879982
1806441564
1859052175
1762859685
5372894549
5851455158
5408378467
5153404599
1091064528
1915726894
5936560254
1834587260
5556418472
5622899993
5844463251
5477221090
1885642106
5161674312
1605852833
5705766693
6046643085
1115269159
5296954811
5310678894
5947286310
1391412025
5840309156
1724684071
5635155998
5185950446
5113985821
2097715367
5187835499
5119012216
1817566716
1070166097
5303143543
1426219585
1334671461
1527162749
5719748099
5685104778
1284377695
1758158519
5848006844
5754040496
5880095114
5947862824
2124301333
5827594966
5111001258
6063671920
6052865930
1425540240
5290241043
5477569604
438162293
5340801163
6003590936
5640806977
5220419571
1269689765
6794144598
2071364924
5417815784
1512867442
7017995639
5992049128
2004505022
6912324978
6631013343
